# Final results of Algorithm 2:
#
# Inputs parameters ================
#
# Length of input RV dataset: 288 
# Periodogram type: FFT 
# Test name: Max test 
# Does a frequency grid was provided? None 
# MC size B: 100 
# MC size b: 1000 
# Does a model Mn was provided ? Yes, model = Harvey
# Mn input parameters: [30.0, 210.0, 0.5, 2.5]
# Does a sig2 value was provided? No
# Does a model Md was provided ? Yes, model = Model_Md_Example2
# Md input parameters: [0.800000,]
# Does an ancillary dataset was provided? yes
#
# Results ================
#
# test levels:
4.072561 4.326892 4.479861 4.583199 4.675008 4.757872 4.812084 4.869893 4.913323 4.962501 5.002358 5.041832 5.088642 5.119002 5.148213 5.181981 5.210778 5.235478 5.261731 5.286279 5.313697 5.342419 5.366789 5.387855 5.411869 5.434393 5.455096 5.477918 5.497613 5.519654 5.538573 5.556700 5.575509 5.592999 5.610931 5.628943 5.642892 5.658743 5.677025 5.691517 5.706499 5.723409 5.738809 5.756188 5.772346 5.789707 5.806883 5.823599 5.839603 5.855129 5.867456 5.878597 5.894879 5.909389 5.923791 5.935992 5.949481 5.961814 5.975455 5.988009 6.000938 6.012949 6.025339 6.039733 6.051765 6.064259 6.076359 6.088331 6.097923 6.110814 6.123234 6.136208 6.145642 6.157515 6.168662 6.180608 6.191579 6.202824 6.214158 6.224835 6.236184 6.249279 6.259284 6.269493 6.279469 6.291093 6.302119 6.313529 6.324246 6.333654 6.345235 6.357462 6.367798 6.377694 6.385214 6.395444 6.407031 6.416752 6.426649 6.436339 6.446773 6.454282 6.462523 6.474135 6.483669 6.493832 6.503714 6.512801 6.523587 6.532204 6.540092 6.549663 6.558341 6.566749 6.575651 6.586760 6.595838 6.606090 6.614270 6.625145 6.635002 6.643636 6.653129 6.662004 6.670906 6.679478 6.687930 6.697304 6.704854 6.713325 6.722345 6.731312 6.741235 6.750737 6.760274 6.768782 6.776169 6.783474 6.792074 6.801321 6.809339 6.816953 6.826130 6.836028 6.846059 6.854739 6.862302 6.868972 6.877858 6.885279 6.895000 6.904579 6.912452 6.921705 6.928862 6.936204 6.944937 6.953585 6.961176 6.970554 6.977362 6.984093 6.992150 7.000101 7.007635 7.015221 7.024017 7.031411 7.037845 7.046817 7.054382 7.062599 7.069785 7.076298 7.083838 7.091408 7.101169 7.109040 7.117929 7.125174 7.132338 7.139620 7.146402 7.154844 7.163439 7.171572 7.177820 7.186091 7.195147 7.203224 7.210694 7.218543 7.225700 7.233788 7.240575 7.248553 7.256091 7.264178 7.270473 7.278243 7.285184 7.292384 7.300123 7.308072 7.315454 7.321519 7.329009 7.337047 7.343584 7.350967 7.358860 7.367315 7.374311 7.381358 7.389802 7.396577 7.404182 7.410580 7.418700 7.425518 7.432417 7.439338 7.447940 7.455581 7.462260 7.469731 7.476685 7.485524 7.492436 7.499189 7.505969 7.513094 7.519983 7.528365 7.535707 7.544675 7.552202 7.559535 7.567663 7.576193 7.584141 7.592162 7.599908 7.609284 7.617239 7.623939 7.632728 7.639624 7.646054 7.652961 7.661420 7.667420 7.673836 7.682085 7.688541 7.696628 7.703866 7.710840 7.716743 7.724727 7.731160 7.739552 7.745856 7.752885 7.760826 7.768086 7.776050 7.784581 7.791951 7.799109 7.806300 7.814852 7.821142 7.828496 7.834738 7.842159 7.849899 7.859077 7.865425 7.873937 7.881239 7.887545 7.895850 7.902661 7.911274 7.919306 7.926688 7.933409 7.941027 7.947777 7.956007 7.963378 7.972376 7.978029 7.985364 7.993504 8.000420 8.007035 8.014731 8.020857 8.028287 8.036020 8.042635 8.049751 8.057187 8.064610 8.071187 8.077194 8.083978 8.091136 8.098837 8.106067 8.113270 8.120691 8.128124 8.135110 8.143260 8.150611 8.157122 8.163802 8.170475 8.178789 8.186092 8.193026 8.200582 8.206418 8.214205 8.219926 8.227150 8.233011 8.238346 8.246455 8.253226 8.260367 8.266378 8.272376 8.280596 8.288448 8.295933 8.303626 8.311845 8.319186 8.327198 8.334308 8.341543 8.349260 8.356332 8.363736 8.371943 8.379981 8.386806 8.393736 8.401598 8.409466 8.418282 8.425114 8.432428 8.440138 8.447867 8.455354 8.464020 8.470200 8.478201 8.485652 8.493026 8.501184 8.509235 8.515877 8.523632 8.530750 8.537134 8.543061 8.550404 8.558164 8.564910 8.571886 8.578417 8.585064 8.593567 8.601061 8.607333 8.614013 8.620960 8.629655 8.636855 8.644633 8.652573 8.661374 8.668656 8.675359 8.681941 8.690016 8.697314 8.704389 8.711800 8.718576 8.726054 8.732565 8.739911 8.747295 8.755789 8.762451 8.770082 8.777720 8.785991 8.794377 8.800957 8.808853 8.817853 8.824376 8.831610 8.837626 8.845732 8.852705 8.860476 8.868980 8.876324 8.883363 8.891644 8.900201 8.908760 8.916540 8.925146 8.932723 8.940338 8.947167 8.955376 8.963825 8.972772 8.980338 8.988904 8.996865 9.005202 9.013094 9.019910 9.026809 9.034225 9.041995 9.049630 9.057234 9.064235 9.073295 9.081168 9.089007 9.096688 9.103631 9.111544 9.119092 9.126694 9.134028 9.142040 9.149509 9.157926 9.166076 9.173714 9.181129 9.189600 9.198060 9.206021 9.214015 9.221093 9.227903 9.237097 9.244954 9.252919 9.259766 9.266424 9.275652 9.283527 9.291366 9.299372 9.307675 9.315089 9.324107 9.332228 9.339827 9.348310 9.355107 9.364769 9.372285 9.380357 9.388086 9.397280 9.404549 9.411531 9.418793 9.426322 9.434624 9.442635 9.450793 9.460451 9.469079 9.475601 9.483568 9.491323 9.498674 9.505995 9.514944 9.524829 9.533121 9.543090 9.551722 9.560729 9.568919 9.576999 9.585698 9.593066 9.600052 9.607979 9.619396 9.627566 9.635491 9.643725 9.653079 9.661234 9.670002 9.678243 9.688526 9.695620 9.704161 9.712203 9.720912 9.729241 9.736706 9.745585 9.755092 9.763091 9.771141 9.779382 9.787093 9.796127 9.806069 9.813987 9.822559 9.831667 9.839354 9.848067 9.857063 9.866600 9.875681 9.884078 9.892902 9.901997 9.909444 9.919003 9.928014 9.936434 9.944421 9.954034 9.962802 9.970059 9.979929 9.987580 9.994817 10.003373 10.012705 10.020482 10.029992 10.040290 10.047887 10.057482 10.065764 10.076164 10.085704 10.094864 10.105610 10.116169 10.125624 10.135747 10.144237 10.154917 10.164139 10.174252 10.183463 10.193409 10.203631 10.213224 10.223293 10.233095 10.242042 10.251632 10.260644 10.268997 10.279659 10.290073 10.301508 10.312306 10.322261 10.333657 10.344787 10.353740 10.362692 10.373548 10.383316 10.392645 10.403747 10.413021 10.423152 10.431409 10.442118 10.452559 10.462577 10.471587 10.483427 10.494036 10.504657 10.515608 10.525249 10.534396 10.544933 10.554763 10.564526 10.576013 10.587383 10.598073 10.608879 10.619997 10.628789 10.638977 10.648769 10.658608 10.669958 10.681758 10.692733 10.703926 10.714564 10.724241 10.734683 10.745100 10.753308 10.763022 10.773249 10.781925 10.792890 10.803331 10.813292 10.827367 10.838140 10.850861 10.862135 10.872099 10.884402 10.895852 10.908717 10.918953 10.931433 10.943311 10.954027 10.965139 10.977184 10.989888 11.002554 11.013142 11.023534 11.032476 11.043531 11.055422 11.067037 11.077768 11.089444 11.101421 11.113244 11.124317 11.136287 11.148559 11.157679 11.168898 11.181255 11.193020 11.206224 11.219465 11.229880 11.240300 11.250799 11.262531 11.273243 11.286842 11.299203 11.312456 11.325051 11.338130 11.349807 11.361159 11.371612 11.383321 11.397467 11.409467 11.421540 11.433681 11.447127 11.460153 11.474610 11.488616 11.502707 11.516338 11.530983 11.545378 11.556688 11.570154 11.584739 11.598810 11.612213 11.626319 11.641948 11.655489 11.669063 11.681631 11.694547 11.709317 11.723034 11.736272 11.750151 11.765338 11.779647 11.792747 11.804308 11.818078 11.831392 11.844290 11.856851 11.870987 11.883922 11.895873 11.909007 11.922718 11.936389 11.948052 11.961602 11.975100 11.988682 12.001930 12.016338 12.032094 12.046988 12.065336 12.078860 12.093103 12.108358 12.124573 12.141645 12.157950 12.177754 12.193055 12.207807 12.225346 12.240579 12.259283 12.274395 12.291159 12.305797 12.323224 12.339151 12.357203 12.373053 12.388231 12.405026 12.424695 12.441572 12.456262 12.476487 12.492305 12.508808 12.522556 12.538614 12.556664 12.575068 12.591162 12.607689 12.624649 12.641452 12.658594 12.675418 12.693074 12.709626 12.729446 12.750657 12.770440 12.789450 12.810110 12.826758 12.845425 12.864927 12.881238 12.897816 12.917243 12.936620 12.956755 12.974762 12.995485 13.017572 13.036454 13.056733 13.079964 13.099502 13.118086 13.138063 13.159287 13.180901 13.200045 13.217156 13.234518 13.252333 13.274816 13.295010 13.314537 13.333525 13.358214 13.379508 13.404349 13.426003 13.448480 13.469955 13.490085 13.509573 13.531494 13.551130 13.573635 13.597586 13.622648 13.645893 13.669833 13.694128 13.716336 13.737537 13.762758 13.787995 13.811727 13.833207 13.856644 13.880058 13.906357 13.933399 13.962107 13.988027 14.015784 14.036406 14.062297 14.090228 14.113228 14.137325 14.164426 14.192396 14.225586 14.254080 14.281016 14.308655 14.332850 14.362462 14.390499 14.421672 14.454220 14.487579 14.516703 14.542926 14.579631 14.606657 14.636515 14.671022 14.702640 14.730582 14.761880 14.790766 14.817847 14.846607 14.879394 14.912097 14.939137 14.969655 15.001993 15.034689 15.068114 15.105450 15.140418 15.176982 15.210226 15.248826 15.279740 15.318475 15.358060 15.400083 15.445009 15.484743 15.523047 15.561003 15.593957 15.630879 15.663508 15.698539 15.736613 15.773439 15.816278 15.850812 15.893900 15.934400 15.979134 16.015379 16.051440 16.082785 16.123414 16.164221 16.207596 16.251597 16.296236 16.339430 16.389682 16.434207 16.474991 16.522494 16.580463 16.626024 16.668942 16.726201 16.776636 16.831864 16.882415 16.937256 16.980725 17.028276 17.079178 17.143233 17.195128 17.254941 17.318410 17.386161 17.463768 17.527607 17.589017 17.654624 17.734915 17.805572 17.880194 17.948434 18.039766 18.101413 18.195807 18.266944 18.358146 18.433023 18.510010 18.590928 18.673855 18.768418 18.849609 18.928075 19.020446 19.108672 19.194215 19.283097 19.374841 19.474669 19.589203 19.697886 19.800937 19.911944 20.029865 20.146344 20.266562 20.381751 20.501283 20.629538 20.755505 20.899507 21.054476 21.200083 21.328594 21.455072 21.644283 21.796365 21.948881 22.133806 22.333619 22.533452 22.702845 22.938364 23.152979 23.355361 23.610925 23.889740 24.189071 24.477971 24.769410 25.130875 25.436371 25.739797 26.118336 26.590000 27.039261 27.531558 28.056330 28.629848 29.423182 30.195915 31.054281 32.020234 33.190324 34.617427 36.941016 39.947728 45.875844 57.266153 
#
# P-value:
0.999000 0.998000 0.997000 0.996000 0.995000 0.994000 0.993000 0.992000 0.991000 0.990000 0.989000 0.988000 0.987000 0.986000 0.985000 0.984000 0.983000 0.982000 0.981000 0.980000 0.979000 0.978000 0.977000 0.976000 0.975000 0.974000 0.973000 0.972000 0.971000 0.970000 0.969000 0.968000 0.967000 0.966000 0.965000 0.964000 0.963000 0.962000 0.961000 0.960000 0.959000 0.958000 0.957000 0.956000 0.955000 0.954000 0.953000 0.952000 0.951000 0.950000 0.949000 0.948000 0.947000 0.946000 0.945000 0.944000 0.943000 0.942000 0.941000 0.940000 0.939000 0.938000 0.937000 0.936000 0.935000 0.934000 0.933000 0.932000 0.931000 0.930000 0.929000 0.928000 0.927000 0.926000 0.925000 0.924000 0.923000 0.922000 0.921000 0.920000 0.919000 0.918000 0.917000 0.916000 0.915000 0.914000 0.913000 0.912000 0.911000 0.910000 0.909000 0.908000 0.907000 0.906000 0.905000 0.904000 0.903000 0.902000 0.901000 0.900000 0.899000 0.898000 0.897000 0.896000 0.895000 0.894000 0.893000 0.892000 0.891000 0.890000 0.889000 0.888000 0.887000 0.886000 0.885000 0.884000 0.883000 0.882000 0.881000 0.880000 0.879000 0.878000 0.877000 0.876000 0.875000 0.874000 0.873000 0.872000 0.871000 0.870000 0.869000 0.868000 0.867000 0.866000 0.865000 0.864000 0.863000 0.862000 0.861000 0.860000 0.859000 0.858000 0.857000 0.856000 0.855000 0.854000 0.853000 0.852000 0.851000 0.850000 0.849000 0.848000 0.847000 0.846000 0.845000 0.844000 0.843000 0.842000 0.841000 0.840000 0.839000 0.838000 0.837000 0.836000 0.835000 0.834000 0.833000 0.832000 0.831000 0.830000 0.829000 0.828000 0.827000 0.826000 0.825000 0.824000 0.823000 0.822000 0.821000 0.820000 0.819000 0.818000 0.817000 0.816000 0.815000 0.814000 0.813000 0.812000 0.811000 0.810000 0.809000 0.808000 0.807000 0.806000 0.805000 0.804000 0.803000 0.802000 0.801000 0.800000 0.799000 0.798000 0.797000 0.796000 0.795000 0.794000 0.793000 0.792000 0.791000 0.790000 0.789000 0.788000 0.787000 0.786000 0.785000 0.784000 0.783000 0.782000 0.781000 0.780000 0.779000 0.778000 0.777000 0.776000 0.775000 0.774000 0.773000 0.772000 0.771000 0.770000 0.769000 0.768000 0.767000 0.766000 0.765000 0.764000 0.763000 0.762000 0.761000 0.760000 0.759000 0.758000 0.757000 0.756000 0.755000 0.754000 0.753000 0.752000 0.751000 0.750000 0.749000 0.748000 0.747000 0.746000 0.745000 0.744000 0.743000 0.742000 0.741000 0.740000 0.739000 0.738000 0.737000 0.736000 0.735000 0.734000 0.733000 0.732000 0.731000 0.730000 0.729000 0.728000 0.727000 0.726000 0.725000 0.724000 0.723000 0.722000 0.721000 0.720000 0.719000 0.718000 0.717000 0.716000 0.715000 0.714000 0.713000 0.712000 0.711000 0.710000 0.709000 0.708000 0.707000 0.706000 0.705000 0.704000 0.703000 0.702000 0.701000 0.700000 0.699000 0.698000 0.697000 0.696000 0.695000 0.694000 0.693000 0.692000 0.691000 0.690000 0.689000 0.688000 0.687000 0.686000 0.685000 0.684000 0.683000 0.682000 0.681000 0.680000 0.679000 0.678000 0.677000 0.676000 0.675000 0.674000 0.673000 0.672000 0.671000 0.670000 0.669000 0.668000 0.667000 0.666000 0.665000 0.664000 0.663000 0.662000 0.661000 0.660000 0.659000 0.658000 0.657000 0.656000 0.655000 0.654000 0.653000 0.652000 0.651000 0.650000 0.649000 0.648000 0.647000 0.646000 0.645000 0.644000 0.643000 0.642000 0.641000 0.640000 0.639000 0.638000 0.637000 0.636000 0.635000 0.634000 0.633000 0.632000 0.631000 0.630000 0.629000 0.628000 0.627000 0.626000 0.625000 0.624000 0.623000 0.622000 0.621000 0.620000 0.619000 0.618000 0.617000 0.616000 0.615000 0.614000 0.613000 0.612000 0.611000 0.610000 0.609000 0.608000 0.607000 0.606000 0.605000 0.604000 0.603000 0.602000 0.601000 0.600000 0.599000 0.598000 0.597000 0.596000 0.595000 0.594000 0.593000 0.592000 0.591000 0.590000 0.589000 0.588000 0.587000 0.586000 0.585000 0.584000 0.583000 0.582000 0.581000 0.580000 0.579000 0.578000 0.577000 0.576000 0.575000 0.574000 0.573000 0.572000 0.571000 0.570000 0.569000 0.568000 0.567000 0.566000 0.565000 0.564000 0.563000 0.562000 0.561000 0.560000 0.559000 0.558000 0.557000 0.556000 0.555000 0.554000 0.553000 0.552000 0.551000 0.550000 0.549000 0.548000 0.547000 0.546000 0.545000 0.544000 0.543000 0.542000 0.541000 0.540000 0.539000 0.538000 0.537000 0.536000 0.535000 0.534000 0.533000 0.532000 0.531000 0.530000 0.529000 0.528000 0.527000 0.526000 0.525000 0.524000 0.523000 0.522000 0.521000 0.520000 0.519000 0.518000 0.517000 0.516000 0.515000 0.514000 0.513000 0.512000 0.511000 0.510000 0.509000 0.508000 0.507000 0.506000 0.505000 0.504000 0.503000 0.502000 0.501000 0.500000 0.499000 0.498000 0.497000 0.496000 0.495000 0.494000 0.493000 0.492000 0.491000 0.490000 0.489000 0.488000 0.487000 0.486000 0.485000 0.484000 0.483000 0.482000 0.481000 0.480000 0.479000 0.478000 0.477000 0.476000 0.475000 0.474000 0.473000 0.472000 0.471000 0.470000 0.469000 0.468000 0.467000 0.466000 0.465000 0.464000 0.463000 0.462000 0.461000 0.460000 0.459000 0.458000 0.457000 0.456000 0.455000 0.454000 0.453000 0.452000 0.451000 0.450000 0.449000 0.448000 0.447000 0.446000 0.445000 0.444000 0.443000 0.442000 0.441000 0.440000 0.439000 0.438000 0.437000 0.436000 0.435000 0.434000 0.433000 0.432000 0.431000 0.430000 0.429000 0.428000 0.427000 0.426000 0.425000 0.424000 0.423000 0.422000 0.421000 0.420000 0.419000 0.418000 0.417000 0.416000 0.415000 0.414000 0.413000 0.412000 0.411000 0.410000 0.409000 0.408000 0.407000 0.406000 0.405000 0.404000 0.403000 0.402000 0.401000 0.400000 0.399000 0.398000 0.397000 0.396000 0.395000 0.394000 0.393000 0.392000 0.391000 0.390000 0.389000 0.388000 0.387000 0.386000 0.385000 0.384000 0.383000 0.382000 0.381000 0.380000 0.379000 0.378000 0.377000 0.376000 0.375000 0.374000 0.373000 0.372000 0.371000 0.370000 0.369000 0.368000 0.367000 0.366000 0.365000 0.364000 0.363000 0.362000 0.361000 0.360000 0.359000 0.358000 0.357000 0.356000 0.355000 0.354000 0.353000 0.352000 0.351000 0.350000 0.349000 0.348000 0.347000 0.346000 0.345000 0.344000 0.343000 0.342000 0.341000 0.340000 0.339000 0.338000 0.337000 0.336000 0.335000 0.334000 0.333000 0.332000 0.331000 0.330000 0.329000 0.328000 0.327000 0.326000 0.325000 0.324000 0.323000 0.322000 0.321000 0.320000 0.319000 0.318000 0.317000 0.316000 0.315000 0.314000 0.313000 0.312000 0.311000 0.310000 0.309000 0.308000 0.307000 0.306000 0.305000 0.304000 0.303000 0.302000 0.301000 0.300000 0.299000 0.298000 0.297000 0.296000 0.295000 0.294000 0.293000 0.292000 0.291000 0.290000 0.289000 0.288000 0.287000 0.286000 0.285000 0.284000 0.283000 0.282000 0.281000 0.280000 0.279000 0.278000 0.277000 0.276000 0.275000 0.274000 0.273000 0.272000 0.271000 0.270000 0.269000 0.268000 0.267000 0.266000 0.265000 0.264000 0.263000 0.262000 0.261000 0.260000 0.259000 0.258000 0.257000 0.256000 0.255000 0.254000 0.253000 0.252000 0.251000 0.250000 0.249000 0.248000 0.247000 0.246000 0.245000 0.244000 0.243000 0.242000 0.241000 0.240000 0.239000 0.238000 0.237000 0.236000 0.235000 0.234000 0.233000 0.232000 0.231000 0.230000 0.229000 0.228000 0.227000 0.226000 0.225000 0.224000 0.223000 0.222000 0.221000 0.220000 0.219000 0.218000 0.217000 0.216000 0.215000 0.214000 0.213000 0.212000 0.211000 0.210000 0.209000 0.208000 0.207000 0.206000 0.205000 0.204000 0.203000 0.202000 0.201000 0.200000 0.199000 0.198000 0.197000 0.196000 0.195000 0.194000 0.193000 0.192000 0.191000 0.190000 0.189000 0.188000 0.187000 0.186000 0.185000 0.184000 0.183000 0.182000 0.181000 0.180000 0.179000 0.178000 0.177000 0.176000 0.175000 0.174000 0.173000 0.172000 0.171000 0.170000 0.169000 0.168000 0.167000 0.166000 0.165000 0.164000 0.163000 0.162000 0.161000 0.160000 0.159000 0.158000 0.157000 0.156000 0.155000 0.154000 0.153000 0.152000 0.151000 0.150000 0.149000 0.148000 0.147000 0.146000 0.145000 0.144000 0.143000 0.142000 0.141000 0.140000 0.139000 0.138000 0.137000 0.136000 0.135000 0.134000 0.133000 0.132000 0.131000 0.130000 0.129000 0.128000 0.127000 0.126000 0.125000 0.124000 0.123000 0.122000 0.121000 0.120000 0.119000 0.118000 0.117000 0.116000 0.115000 0.114000 0.113000 0.112000 0.111000 0.110000 0.109000 0.108000 0.107000 0.106000 0.105000 0.104000 0.103000 0.102000 0.101000 0.100000 0.099000 0.098000 0.097000 0.096000 0.095000 0.094000 0.093000 0.092000 0.091000 0.090000 0.089000 0.088000 0.087000 0.086000 0.085000 0.084000 0.083000 0.082000 0.081000 0.080000 0.079000 0.078000 0.077000 0.076000 0.075000 0.074000 0.073000 0.072000 0.071000 0.070000 0.069000 0.068000 0.067000 0.066000 0.065000 0.064000 0.063000 0.062000 0.061000 0.060000 0.059000 0.058000 0.057000 0.056000 0.055000 0.054000 0.053000 0.052000 0.051000 0.050000 0.049000 0.048000 0.047000 0.046000 0.045000 0.044000 0.043000 0.042000 0.041000 0.040000 0.039000 0.038000 0.037000 0.036000 0.035000 0.034000 0.033000 0.032000 0.031000 0.030000 0.029000 0.028000 0.027000 0.026000 0.025000 0.024000 0.023000 0.022000 0.021000 0.020000 0.019000 0.018000 0.017000 0.016000 0.015000 0.014000 0.013000 0.012000 0.011000 0.010000 0.009000 0.008000 0.007000 0.006000 0.005000 0.004000 0.003000 0.002000 0.001000 0.000000 