# Final results of Algorithm 2:
#
# Inputs parameters ================
#
# Length of input RV dataset: 288 
# Periodogram type: Lomb-Scargle 
# Test name: Max test 
# Does a frequency grid was provided? None 
# MC size B: 20
# MC size b: 1000 
# Does a NTS was provided? yes (L=5)
# Does a model Mn was provided ? Yes, model = AR
# Mn input parameters: [array([0.14928, 0.13115, 0.100271, 0.082677, 0.06237, 0.040821, 0.030981, 0.029994, 0.021922, 0.021564]), 0.411008]
# Does a sig2 value was provided? No
# Does a model Md was provided ? Yes, model = Model_Md_Example1
# Md input parameters: [0.170000,-0.023000,0.140000,-0.930000,]
# Does an ancillary dataset was provided? yes
#
# Results ================
#
# FAP levels:
4.229981 4.662180 4.869880 5.010174 5.108955 5.213026 5.292770 5.372292 5.455164 5.512511 5.593725 5.636948 5.672901 5.713705 5.752229 5.801306 5.835808 5.870811 5.905664 5.954593 5.988910 6.034610 6.074844 6.110097 6.136201 6.171581 6.211544 6.254241 6.281047 6.312153 6.343461 6.370524 6.389187 6.420814 6.449676 6.473109 6.504117 6.537049 6.553660 6.575107 6.594626 6.624032 6.650871 6.673800 6.691780 6.710664 6.738226 6.758603 6.781303 6.803876 6.825396 6.844152 6.870279 6.888751 6.909145 6.926502 6.952036 6.973715 6.992318 7.015429 7.035973 7.055275 7.071905 7.089289 7.103182 7.120992 7.130729 7.151680 7.168783 7.186954 7.208550 7.223569 7.243234 7.256160 7.279567 7.297454 7.312257 7.327017 7.344330 7.362435 7.375712 7.389951 7.401373 7.417722 7.433677 7.452878 7.473007 7.490215 7.511017 7.526267 7.542242 7.557762 7.564378 7.578333 7.593824 7.609356 7.624984 7.636689 7.644100 7.663139 7.674661 7.685777 7.700185 7.709014 7.726013 7.738824 7.751051 7.761060 7.773971 7.787837 7.803322 7.812219 7.822164 7.837364 7.849056 7.857411 7.867977 7.880611 7.891586 7.903322 7.918164 7.929664 7.940801 7.953162 7.962193 7.977095 7.991776 8.001887 8.017734 8.031458 8.042954 8.057633 8.072907 8.087194 8.102048 8.119029 8.134001 8.145705 8.158983 8.174643 8.184275 8.199725 8.210619 8.226168 8.234919 8.245612 8.260529 8.274023 8.288297 8.303600 8.318818 8.331324 8.344021 8.359018 8.375354 8.384162 8.399090 8.410917 8.420928 8.434317 8.447379 8.455092 8.463312 8.478461 8.491578 8.500553 8.512745 8.529525 8.539688 8.552105 8.563995 8.574622 8.584095 8.603903 8.619793 8.631903 8.643091 8.653017 8.664584 8.672866 8.683792 8.693946 8.703598 8.711890 8.721429 8.731351 8.746936 8.758151 8.766288 8.775667 8.791675 8.803521 8.814711 8.823293 8.834507 8.843820 8.853549 8.865068 8.874984 8.886722 8.897695 8.908401 8.914943 8.925597 8.939248 8.950211 8.964669 8.974913 8.983077 8.998671 9.013172 9.024885 9.033227 9.041925 9.053868 9.061621 9.075529 9.086092 9.101302 9.110592 9.119017 9.130895 9.140715 9.152340 9.163887 9.181513 9.190022 9.198268 9.205415 9.212794 9.222978 9.233729 9.244268 9.252866 9.262252 9.273755 9.285932 9.300449 9.309488 9.320403 9.331058 9.345086 9.356618 9.366078 9.376787 9.385377 9.394209 9.404741 9.410624 9.420616 9.429967 9.440470 9.452792 9.465556 9.474648 9.487730 9.501539 9.507793 9.514707 9.525230 9.534435 9.543708 9.554689 9.565432 9.578895 9.591020 9.604000 9.609990 9.619570 9.632565 9.646308 9.655778 9.663353 9.672083 9.685329 9.701249 9.710629 9.727126 9.734535 9.746819 9.755100 9.768894 9.780248 9.789819 9.799928 9.810828 9.820583 9.828098 9.839564 9.849683 9.857293 9.864668 9.879577 9.894541 9.905203 9.914883 9.924730 9.932548 9.941820 9.950843 9.958963 9.968700 9.981088 9.993445 10.004907 10.017514 10.028631 10.040623 10.048245 10.058161 10.067649 10.079509 10.092492 10.105736 10.116745 10.128158 10.136665 10.144824 10.156131 10.168591 10.176818 10.187290 10.197041 10.205070 10.215017 10.226223 10.238719 10.247453 10.261523 10.270544 10.278062 10.288645 10.302233 10.314550 10.326707 10.335622 10.343740 10.358355 10.373985 10.382047 10.393741 10.405479 10.417914 10.428954 10.441075 10.452745 10.462037 10.475225 10.482339 10.497678 10.506372 10.523474 10.533966 10.544772 10.557083 10.572191 10.580005 10.589227 10.597785 10.609228 10.619875 10.626324 10.642120 10.650622 10.658124 10.668029 10.680770 10.690825 10.699171 10.710768 10.721570 10.736578 10.748505 10.758112 10.770084 10.780014 10.787586 10.796072 10.808937 10.820490 10.833052 10.841025 10.858714 10.870332 10.880712 10.890998 10.898757 10.910603 10.921694 10.934017 10.944935 10.954603 10.964896 10.972559 10.985673 11.002118 11.013872 11.024169 11.038200 11.052330 11.059692 11.068226 11.079466 11.086156 11.096779 11.105898 11.117347 11.133121 11.144442 11.155860 11.168225 11.182364 11.193014 11.200314 11.207957 11.222455 11.232316 11.246881 11.263514 11.275598 11.285612 11.295772 11.303440 11.316457 11.322523 11.331643 11.344212 11.355469 11.368242 11.379108 11.387960 11.400745 11.415777 11.422502 11.433064 11.446109 11.456562 11.469604 11.483846 11.496687 11.502810 11.511825 11.526619 11.534655 11.545777 11.556570 11.565334 11.572732 11.581886 11.592672 11.605813 11.616709 11.625896 11.636292 11.646386 11.656485 11.666954 11.678524 11.693352 11.702527 11.710395 11.719937 11.733368 11.745490 11.756904 11.763234 11.778713 11.790876 11.805299 11.815568 11.828046 11.841142 11.851695 11.861841 11.870783 11.882266 11.898961 11.906591 11.916429 11.930572 11.941739 11.951201 11.960737 11.973048 11.989864 11.998589 12.008999 12.020636 12.032369 12.042350 12.052279 12.062715 12.074302 12.091471 12.101346 12.110337 12.118715 12.133448 12.142944 12.154873 12.166901 12.175045 12.191578 12.202370 12.219488 12.229802 12.242316 12.249206 12.258399 12.268868 12.280276 12.296967 12.311086 12.325382 12.335784 12.348969 12.362449 12.371989 12.388337 12.400842 12.415579 12.429241 12.443611 12.455539 12.471175 12.482602 12.496421 12.509217 12.523704 12.534485 12.545217 12.558652 12.570918 12.587354 12.597677 12.611549 12.624728 12.635177 12.646795 12.661962 12.671025 12.680032 12.692249 12.707231 12.722418 12.736482 12.752878 12.767661 12.776022 12.795911 12.807456 12.820184 12.836381 12.846304 12.857647 12.873349 12.883590 12.893101 12.907598 12.925207 12.936360 12.949688 12.961193 12.977279 12.991507 13.001107 13.013875 13.025727 13.041675 13.061925 13.076091 13.088403 13.103362 13.114056 13.128996 13.145457 13.158726 13.175337 13.186130 13.196574 13.210533 13.227906 13.239953 13.251226 13.268774 13.283040 13.299706 13.310250 13.324769 13.336521 13.351724 13.367357 13.383775 13.396570 13.413773 13.422992 13.437869 13.450866 13.462261 13.483634 13.496600 13.508048 13.520826 13.531793 13.539780 13.557459 13.572520 13.585474 13.601843 13.616342 13.640819 13.653165 13.662924 13.673842 13.693385 13.704711 13.727195 13.741621 13.758792 13.772681 13.785897 13.797368 13.812770 13.828034 13.837084 13.850837 13.866847 13.881117 13.896008 13.914270 13.929141 13.944234 13.956044 13.971808 13.994328 14.012271 14.030046 14.041870 14.057472 14.072576 14.087730 14.107039 14.124473 14.141004 14.154000 14.166845 14.187358 14.199759 14.220400 14.238999 14.252256 14.262701 14.276506 14.290525 14.307178 14.320317 14.334232 14.351537 14.375923 14.389196 14.398809 14.415544 14.431796 14.457526 14.472923 14.499824 14.519051 14.548007 14.563431 14.584201 14.597624 14.618442 14.631851 14.651488 14.675861 14.694339 14.710799 14.726535 14.746925 14.762731 14.783150 14.804406 14.828304 14.841461 14.860366 14.883729 14.904113 14.922234 14.936489 14.951441 14.969493 14.991574 15.013309 15.027367 15.049692 15.068106 15.082076 15.098021 15.122380 15.137870 15.161467 15.184614 15.207468 15.223104 15.246057 15.262628 15.276027 15.294935 15.318355 15.337513 15.354748 15.386436 15.404916 15.424000 15.440242 15.456743 15.475120 15.500568 15.516504 15.531869 15.550262 15.568739 15.592601 15.617144 15.634058 15.656200 15.671819 15.703097 15.726314 15.753450 15.768642 15.786983 15.807020 15.824320 15.841445 15.860958 15.883080 15.904004 15.926344 15.961655 15.990188 16.010669 16.032247 16.052262 16.073575 16.100362 16.123056 16.148631 16.170476 16.197262 16.216694 16.249319 16.273267 16.285342 16.301544 16.333544 16.351699 16.377951 16.397206 16.419033 16.445999 16.474873 16.500947 16.523083 16.543147 16.562213 16.586097 16.619467 16.647491 16.665692 16.683104 16.705118 16.730598 16.757465 16.767990 16.794442 16.820774 16.839456 16.858861 16.877976 16.904683 16.938994 16.966455 17.000115 17.028454 17.051175 17.073798 17.105057 17.135063 17.172132 17.197761 17.219582 17.247892 17.274665 17.313276 17.353773 17.381977 17.421059 17.443821 17.475868 17.507741 17.543737 17.580673 17.603943 17.635285 17.658064 17.693611 17.728541 17.753858 17.783373 17.807129 17.829025 17.851973 17.895376 17.937581 17.960395 17.990924 18.025382 18.058687 18.092355 18.124440 18.163150 18.190194 18.222869 18.250354 18.272700 18.308926 18.347386 18.384256 18.416167 18.454931 18.488214 18.518212 18.557480 18.591288 18.624306 18.666464 18.702680 18.756712 18.784442 18.825230 18.855500 18.897944 18.929953 18.974268 19.004710 19.055179 19.098331 19.132484 19.187285 19.239432 19.284498 19.315892 19.380219 19.436967 19.479738 19.509620 19.544542 19.573788 19.603305 19.648337 19.680396 19.726528 19.765054 19.805776 19.837786 19.893184 19.951328 20.006343 20.045955 20.077237 20.132412 20.190650 20.235550 20.283482 20.336252 20.378926 20.432031 20.496169 20.553786 20.602377 20.649958 20.719424 20.779497 20.862157 20.910711 20.986382 21.030338 21.083728 21.154848 21.225795 21.270586 21.325425 21.372108 21.419851 21.460547 21.549650 21.630110 21.679943 21.736244 21.810109 21.850788 21.923681 21.986023 22.042159 22.100990 22.150548 22.239383 22.302698 22.403521 22.481793 22.549900 22.605207 22.664284 22.738740 22.781912 22.854568 22.931470 23.000051 23.072035 23.140684 23.221562 23.311601 23.373955 23.454488 23.550919 23.642518 23.715417 23.779072 23.854180 23.966658 24.084907 24.206176 24.291808 24.420347 24.500805 24.587590 24.677276 24.793716 24.914976 25.045748 25.112585 25.217856 25.370027 25.492171 25.613940 25.750899 25.848742 25.978211 26.110586 26.225027 26.387750 26.485653 26.620828 26.775302 26.919773 27.090015 27.230038 27.345348 27.514655 27.688515 27.841869 27.954592 28.170571 28.472682 28.598689 28.921932 29.126444 29.349806 29.597837 29.836083 30.236117 30.645944 30.966427 31.362340 31.691622 32.080089 32.362701 32.775552 33.052124 33.466420 33.914929 34.342709 34.702651 35.250713 35.798164 36.375597 37.415719 38.362859 39.868438 40.657139 42.033755 43.054113 44.497437 45.804914 48.234173 50.882077 56.129184 62.023215 83.941909 
#
# FAPs:
0.999000 0.998000 0.997000 0.996000 0.995000 0.994000 0.993000 0.992000 0.991000 0.990000 0.989000 0.988000 0.987000 0.986000 0.985000 0.984000 0.983000 0.982000 0.981000 0.980000 0.979000 0.978000 0.977000 0.976000 0.975000 0.974000 0.973000 0.972000 0.971000 0.970000 0.969000 0.968000 0.967000 0.966000 0.965000 0.964000 0.963000 0.962000 0.961000 0.960000 0.959000 0.958000 0.957000 0.956000 0.955000 0.954000 0.953000 0.952000 0.951000 0.950000 0.949000 0.948000 0.947000 0.946000 0.945000 0.944000 0.943000 0.942000 0.941000 0.940000 0.939000 0.938000 0.937000 0.936000 0.935000 0.934000 0.933000 0.932000 0.931000 0.930000 0.929000 0.928000 0.927000 0.926000 0.925000 0.924000 0.923000 0.922000 0.921000 0.920000 0.919000 0.918000 0.917000 0.916000 0.915000 0.914000 0.913000 0.912000 0.911000 0.910000 0.909000 0.908000 0.907000 0.906000 0.905000 0.904000 0.903000 0.902000 0.901000 0.900000 0.899000 0.898000 0.897000 0.896000 0.895000 0.894000 0.893000 0.892000 0.891000 0.890000 0.889000 0.888000 0.887000 0.886000 0.885000 0.884000 0.883000 0.882000 0.881000 0.880000 0.879000 0.878000 0.877000 0.876000 0.875000 0.874000 0.873000 0.872000 0.871000 0.870000 0.869000 0.868000 0.867000 0.866000 0.865000 0.864000 0.863000 0.862000 0.861000 0.860000 0.859000 0.858000 0.857000 0.856000 0.855000 0.854000 0.853000 0.852000 0.851000 0.850000 0.849000 0.848000 0.847000 0.846000 0.845000 0.844000 0.843000 0.842000 0.841000 0.840000 0.839000 0.838000 0.837000 0.836000 0.835000 0.834000 0.833000 0.832000 0.831000 0.830000 0.829000 0.828000 0.827000 0.826000 0.825000 0.824000 0.823000 0.822000 0.821000 0.820000 0.819000 0.818000 0.817000 0.816000 0.815000 0.814000 0.813000 0.812000 0.811000 0.810000 0.809000 0.808000 0.807000 0.806000 0.805000 0.804000 0.803000 0.802000 0.801000 0.800000 0.799000 0.798000 0.797000 0.796000 0.795000 0.794000 0.793000 0.792000 0.791000 0.790000 0.789000 0.788000 0.787000 0.786000 0.785000 0.784000 0.783000 0.782000 0.781000 0.780000 0.779000 0.778000 0.777000 0.776000 0.775000 0.774000 0.773000 0.772000 0.771000 0.770000 0.769000 0.768000 0.767000 0.766000 0.765000 0.764000 0.763000 0.762000 0.761000 0.760000 0.759000 0.758000 0.757000 0.756000 0.755000 0.754000 0.753000 0.752000 0.751000 0.750000 0.749000 0.748000 0.747000 0.746000 0.745000 0.744000 0.743000 0.742000 0.741000 0.740000 0.739000 0.738000 0.737000 0.736000 0.735000 0.734000 0.733000 0.732000 0.731000 0.730000 0.729000 0.728000 0.727000 0.726000 0.725000 0.724000 0.723000 0.722000 0.721000 0.720000 0.719000 0.718000 0.717000 0.716000 0.715000 0.714000 0.713000 0.712000 0.711000 0.710000 0.709000 0.708000 0.707000 0.706000 0.705000 0.704000 0.703000 0.702000 0.701000 0.700000 0.699000 0.698000 0.697000 0.696000 0.695000 0.694000 0.693000 0.692000 0.691000 0.690000 0.689000 0.688000 0.687000 0.686000 0.685000 0.684000 0.683000 0.682000 0.681000 0.680000 0.679000 0.678000 0.677000 0.676000 0.675000 0.674000 0.673000 0.672000 0.671000 0.670000 0.669000 0.668000 0.667000 0.666000 0.665000 0.664000 0.663000 0.662000 0.661000 0.660000 0.659000 0.658000 0.657000 0.656000 0.655000 0.654000 0.653000 0.652000 0.651000 0.650000 0.649000 0.648000 0.647000 0.646000 0.645000 0.644000 0.643000 0.642000 0.641000 0.640000 0.639000 0.638000 0.637000 0.636000 0.635000 0.634000 0.633000 0.632000 0.631000 0.630000 0.629000 0.628000 0.627000 0.626000 0.625000 0.624000 0.623000 0.622000 0.621000 0.620000 0.619000 0.618000 0.617000 0.616000 0.615000 0.614000 0.613000 0.612000 0.611000 0.610000 0.609000 0.608000 0.607000 0.606000 0.605000 0.604000 0.603000 0.602000 0.601000 0.600000 0.599000 0.598000 0.597000 0.596000 0.595000 0.594000 0.593000 0.592000 0.591000 0.590000 0.589000 0.588000 0.587000 0.586000 0.585000 0.584000 0.583000 0.582000 0.581000 0.580000 0.579000 0.578000 0.577000 0.576000 0.575000 0.574000 0.573000 0.572000 0.571000 0.570000 0.569000 0.568000 0.567000 0.566000 0.565000 0.564000 0.563000 0.562000 0.561000 0.560000 0.559000 0.558000 0.557000 0.556000 0.555000 0.554000 0.553000 0.552000 0.551000 0.550000 0.549000 0.548000 0.547000 0.546000 0.545000 0.544000 0.543000 0.542000 0.541000 0.540000 0.539000 0.538000 0.537000 0.536000 0.535000 0.534000 0.533000 0.532000 0.531000 0.530000 0.529000 0.528000 0.527000 0.526000 0.525000 0.524000 0.523000 0.522000 0.521000 0.520000 0.519000 0.518000 0.517000 0.516000 0.515000 0.514000 0.513000 0.512000 0.511000 0.510000 0.509000 0.508000 0.507000 0.506000 0.505000 0.504000 0.503000 0.502000 0.501000 0.500000 0.499000 0.498000 0.497000 0.496000 0.495000 0.494000 0.493000 0.492000 0.491000 0.490000 0.489000 0.488000 0.487000 0.486000 0.485000 0.484000 0.483000 0.482000 0.481000 0.480000 0.479000 0.478000 0.477000 0.476000 0.475000 0.474000 0.473000 0.472000 0.471000 0.470000 0.469000 0.468000 0.467000 0.466000 0.465000 0.464000 0.463000 0.462000 0.461000 0.460000 0.459000 0.458000 0.457000 0.456000 0.455000 0.454000 0.453000 0.452000 0.451000 0.450000 0.449000 0.448000 0.447000 0.446000 0.445000 0.444000 0.443000 0.442000 0.441000 0.440000 0.439000 0.438000 0.437000 0.436000 0.435000 0.434000 0.433000 0.432000 0.431000 0.430000 0.429000 0.428000 0.427000 0.426000 0.425000 0.424000 0.423000 0.422000 0.421000 0.420000 0.419000 0.418000 0.417000 0.416000 0.415000 0.414000 0.413000 0.412000 0.411000 0.410000 0.409000 0.408000 0.407000 0.406000 0.405000 0.404000 0.403000 0.402000 0.401000 0.400000 0.399000 0.398000 0.397000 0.396000 0.395000 0.394000 0.393000 0.392000 0.391000 0.390000 0.389000 0.388000 0.387000 0.386000 0.385000 0.384000 0.383000 0.382000 0.381000 0.380000 0.379000 0.378000 0.377000 0.376000 0.375000 0.374000 0.373000 0.372000 0.371000 0.370000 0.369000 0.368000 0.367000 0.366000 0.365000 0.364000 0.363000 0.362000 0.361000 0.360000 0.359000 0.358000 0.357000 0.356000 0.355000 0.354000 0.353000 0.352000 0.351000 0.350000 0.349000 0.348000 0.347000 0.346000 0.345000 0.344000 0.343000 0.342000 0.341000 0.340000 0.339000 0.338000 0.337000 0.336000 0.335000 0.334000 0.333000 0.332000 0.331000 0.330000 0.329000 0.328000 0.327000 0.326000 0.325000 0.324000 0.323000 0.322000 0.321000 0.320000 0.319000 0.318000 0.317000 0.316000 0.315000 0.314000 0.313000 0.312000 0.311000 0.310000 0.309000 0.308000 0.307000 0.306000 0.305000 0.304000 0.303000 0.302000 0.301000 0.300000 0.299000 0.298000 0.297000 0.296000 0.295000 0.294000 0.293000 0.292000 0.291000 0.290000 0.289000 0.288000 0.287000 0.286000 0.285000 0.284000 0.283000 0.282000 0.281000 0.280000 0.279000 0.278000 0.277000 0.276000 0.275000 0.274000 0.273000 0.272000 0.271000 0.270000 0.269000 0.268000 0.267000 0.266000 0.265000 0.264000 0.263000 0.262000 0.261000 0.260000 0.259000 0.258000 0.257000 0.256000 0.255000 0.254000 0.253000 0.252000 0.251000 0.250000 0.249000 0.248000 0.247000 0.246000 0.245000 0.244000 0.243000 0.242000 0.241000 0.240000 0.239000 0.238000 0.237000 0.236000 0.235000 0.234000 0.233000 0.232000 0.231000 0.230000 0.229000 0.228000 0.227000 0.226000 0.225000 0.224000 0.223000 0.222000 0.221000 0.220000 0.219000 0.218000 0.217000 0.216000 0.215000 0.214000 0.213000 0.212000 0.211000 0.210000 0.209000 0.208000 0.207000 0.206000 0.205000 0.204000 0.203000 0.202000 0.201000 0.200000 0.199000 0.198000 0.197000 0.196000 0.195000 0.194000 0.193000 0.192000 0.191000 0.190000 0.189000 0.188000 0.187000 0.186000 0.185000 0.184000 0.183000 0.182000 0.181000 0.180000 0.179000 0.178000 0.177000 0.176000 0.175000 0.174000 0.173000 0.172000 0.171000 0.170000 0.169000 0.168000 0.167000 0.166000 0.165000 0.164000 0.163000 0.162000 0.161000 0.160000 0.159000 0.158000 0.157000 0.156000 0.155000 0.154000 0.153000 0.152000 0.151000 0.150000 0.149000 0.148000 0.147000 0.146000 0.145000 0.144000 0.143000 0.142000 0.141000 0.140000 0.139000 0.138000 0.137000 0.136000 0.135000 0.134000 0.133000 0.132000 0.131000 0.130000 0.129000 0.128000 0.127000 0.126000 0.125000 0.124000 0.123000 0.122000 0.121000 0.120000 0.119000 0.118000 0.117000 0.116000 0.115000 0.114000 0.113000 0.112000 0.111000 0.110000 0.109000 0.108000 0.107000 0.106000 0.105000 0.104000 0.103000 0.102000 0.101000 0.100000 0.099000 0.098000 0.097000 0.096000 0.095000 0.094000 0.093000 0.092000 0.091000 0.090000 0.089000 0.088000 0.087000 0.086000 0.085000 0.084000 0.083000 0.082000 0.081000 0.080000 0.079000 0.078000 0.077000 0.076000 0.075000 0.074000 0.073000 0.072000 0.071000 0.070000 0.069000 0.068000 0.067000 0.066000 0.065000 0.064000 0.063000 0.062000 0.061000 0.060000 0.059000 0.058000 0.057000 0.056000 0.055000 0.054000 0.053000 0.052000 0.051000 0.050000 0.049000 0.048000 0.047000 0.046000 0.045000 0.044000 0.043000 0.042000 0.041000 0.040000 0.039000 0.038000 0.037000 0.036000 0.035000 0.034000 0.033000 0.032000 0.031000 0.030000 0.029000 0.028000 0.027000 0.026000 0.025000 0.024000 0.023000 0.022000 0.021000 0.020000 0.019000 0.018000 0.017000 0.016000 0.015000 0.014000 0.013000 0.012000 0.011000 0.010000 0.009000 0.008000 0.007000 0.006000 0.005000 0.004000 0.003000 0.002000 0.001000 0.000000 
#
# TARGET FAP:
0.010000
#
# Corresponding FAP threshold:
39.868438
